6546
21216
61011
9230
49893
55501
8721
48339
43774
47811
43425
30139
33403
6843
40239
31018
39207
64751
60066
20245
55834
1822
50812
11532
57721
39504
58756
54596
28305
49467
16256
9413
38623
14944
40256
47182
25286
11356
30865
48894
28657
31030
10874
2010
63859
53892
11902
5564
12105
37094
30751
62144
8187
21810
50534
8919
64523
54680
15699
25390
7633
9374
63183
27566
50641
47122
41843
8037
48486
31339
9330
6746
15479
1702
22072
21839
17571
40125
42097
19627
47492
28849
45897
15725
31836
16156
34494
19352
46624
58660
28093
53221
55107
28335
42764
20486
3556
16573
16735
23723
33346
55193
22923
29706
23527
58613
16567
13839
51542
22934
42033
29182
13524
15555
57385
33576
50491
53800
49521
56599
56826
59564
8115
48615
46992
47836
40078
37205
26258
18394
7178
22227
54332
47747
4845
13045
46522
22557
57137
30374
30792
36977
2330
47043
13518
29462
32707
56412
63333
53517
52578
7923
15160
17142
32136
25709
15072
49995
54575
44632
17867
25987
53525
56368
26038
20188
40339
17962
20805
39004
21381
25270
37636
21293
23200
40628
25755
62882
64153
48789
36118
61309
11405
36232
29972
48264
58555
48740
3256
15531
50361
49707
21356
23913
22471
61428
43434
47485
49160
50247
15988
1388
42117
47227
9790
12925
32572
24530
3310
45517
22584
7742
10636
16058
61752
5578
40347
59226
17601
25207
52432
33543
38478
39524
25024
34500
44823
57463
39366
52597
65300
58325
25477
55986
25402
34124
47402
49974
11348
53010
7939
59612
33733
39272
6570
19238
33044
59951
57832
17293
43724
33802
18670
6036
27345
34360
10994
5445
22711
42611
37251
45595
32609
52394
44989
58482
48436
27423
45527
13477
37669
14067
17559
39273
40321
11146
10634
27349
13682
28810
57179
42259
31387
40258
43969
28552
5204
24220
21389
49927
8475
3402
48707
64038
1066
49746
13095
46591
31696
52998
61066
30685
51887
44328
29920
35280
55638
59969
20251
48416
22626
51443
7640
23146
54333
16900
8380
37867
52863
18282
12788
23430
46215
9288
42089
43959
35557
10087
39758
57581
28805
28856
5145
30734
30364
24633
36491
29604
27235
19222
43449
23350
65254
28068
12029
37964
42721
39927
27885
4711
29691
43390
56026
42888
33045
30946
14707
47471
1000
55805
38130
44357
52779
60174
4418
58321
11054
24097
30386
53280
64385
29244
22218
14768
16406
27614
62046
36445
61596
3973
64730
48922
45275
58844
62143
14873
26050
39419
4882
27778
43031
26874
37575
53940
61254
40325
22279
1919
3621
21492
15577
50585
13523
2647
39765
15137
18766
46539
32445
63712
43830
35297
59222
51051
45575
16849
50282
40566
44663
25637
11082
16325
27536
41602
31022
45762
2387
32452
17928
14463
13482
50816
50151
46578
52811
9527
58012
62374
53076
3420
12359
9066
58864
63492
25956
38359
53670
35860
7263
26369
56595
38625
47493
43974
3406
64338
44781
37885
19725
22553
20700
20891
15933
17389
28702
60938
44855
42400
4538
40318
23685
2099
23498
26772
35922
26291
16135
1738
49287
64231
26975
40244
49013
13030
41137
25559
17370
20259
4844
24113
62394
59902
21356
49235
44184
3683
23065
63026
39625
45578
